free_thresh: 0.196
image: uol_ww.pgm
negate: 0
occupied_thresh: 0.65
origin: [-15.549999999999997, -7.1499999999999915, 0.0]
resolution: 0.05
